,0,1,2,3,4
0,0.544437489274178,0.24477177509354534,0.12117941754704549,0.04723616584021051,0.04237515224502073
1,0.5752282879880151,0.23907441692771741,0.11236877967939815,0.025470594469013372,0.047857920935855926
2,0.5607574781621945,0.22104741943548853,0.13100455205350262,0.06845270069237426,0.01873784965644006
3,0.4281550135300066,0.3024750882230484,0.16141190726536295,0.0862527676389248,0.021705223342657235
4,0.4710104675546267,0.30040053285909607,0.12132234969341305,0.0316262585524605,0.07564039134040355
5,0.5575661277694258,0.28430539385062453,0.08234750784208496,0.06211792059338532,0.013663049944479444
6,0.6829284203023662,0.14928645873264174,0.09331610571964166,0.02625986290882834,0.04820915233652198
7,0.6139305982686976,0.23642869019551932,0.06858469663820443,0.03147211936948987,0.04958389552808878
8,0.6357493111657222,0.1797437920322162,0.1088684601546941,0.04693168012820295,0.02870675651916447
9,0.6102518609536727,0.24602802269320986,0.07958924072429314,0.04896196552472458,0.015168910104099627
10,0.5566863612818624,0.22463910035366513,0.164084530057703,0.032735451523592834,0.02185455678317664
11,0.6625662232606784,0.17142382656602592,0.12293994511164759,0.018449914441625314,0.02462009062002277
12,0.5706370546503348,0.18262808786425835,0.12764333887496884,0.07636090024512447,0.04273061836531364
13,0.5675465040418248,0.22453485065311218,0.13493036528022745,0.02004058746593437,0.05294769255890111
14,0.7389615439524667,0.140044329273778,0.06477857271307157,0.01937853990605078,0.036837014154632995
15,0.4950081272642103,0.29091825745226096,0.16658527306054666,0.03318071917828939,0.014307623044692746
16,0.4821725992138349,0.27397827077699205,0.17257405302008083,0.04780624038865692,0.023468836600435316
17,0.5666412549528596,0.20351772462552192,0.0848809465037732,0.11806988298018685,0.02689019093765832
18,0.46385574492921766,0.30742433955622245,0.11274651859527679,0.0953018686246604,0.02067152829462269
19,0.4755665758213931,0.2684301254440436,0.03943906159980259,0.11792498120459186,0.098639255930169
20,0.5195059443000013,0.3327415060829039,0.06918736740727491,0.051760722223516395,0.02680445998630354
21,0.5567451987485238,0.25492581315794327,0.10616974214492142,0.05228019909094524,0.02987904685766645
22,0.6718434496178293,0.1898639282769045,0.07771476645018827,0.04309618185522579,0.017481673799852195
23,0.5477754843502475,0.22271660079834668,0.16651115321671142,0.025924745620286616,0.03707201601440761
24,0.6116671754735592,0.17681531818021695,0.1527121206657563,0.02405365039825652,0.034751735282210774
25,0.5136980251169163,0.21923358389850958,0.16936624027019023,0.05749938535852173,0.04020276535586209
26,0.6771064043697561,0.16385255783485983,0.09451331264870762,0.029398027409556913,0.03512969773711953
27,0.6328815749343618,0.1916892872756849,0.09136024162695004,0.029302454850521693,0.05476644131248149
28,0.629055639948704,0.25845083609568736,0.06720164062459637,0.01901865758197081,0.02627322574904136
29,0.4720550031971546,0.2936271367333305,0.16845102740547002,0.019577088052631524,0.046289744611413476
30,0.5415826068193803,0.23110919033271798,0.12721275252078448,0.036412479129011355,0.06368297119810593
31,0.6107645759123617,0.04259523706746232,0.06530249082328399,0.10244256944244633,0.17889512675444558
32,0.6240025145574312,0.1458059924189551,0.1247321496015408,0.07403315134694277,0.03142619207513012
33,0.6079713560903676,0.03841282471191653,0.09274933950366943,0.12096568372330435,0.13990079597074206
34,0.6324619679866057,0.2005935989535276,0.10279672209341617,0.02371566572635762,0.04043204524009298
35,0.6894344735338782,0.19203362201857294,0.05701172671599611,0.027647058046015582,0.033873119685537176
36,0.8197087882419611,0.1146374625601447,0.03472982511910692,0.011736912801781959,0.019187011277005242
37,0.6999623884167282,0.1753107021310454,0.10079076911991204,0.007461718116176065,0.016474422216138516
38,0.7535300585306873,0.16804600856964894,0.05854346433308633,0.01079971895034759,0.00908074961622973
39,0.7148331204334467,0.19563021882517379,0.06093716626905304,0.018750850941359195,0.009848643530967236
40,0.6458178727076405,0.17883461223457897,0.09680616177937353,0.052923237699787365,0.025618115578619528
41,0.5889080064749388,0.2663338444147881,0.10136968251035856,0.023864277091847862,0.019524189508066607
42,0.5873179562762165,0.2537251737480452,0.0939891727856873,0.027205452819721785,0.0377622443703293
43,0.5243568831557044,0.31449614099742623,0.09648132092068969,0.04262970528401838,0.02203594964216132
44,0.5213511204877619,0.29438567447225134,0.12094880025609883,0.024729003520136957,0.03858540126375106
45,0.49347775117724413,0.30542138380181155,0.11993050785561402,0.023855117204153044,0.057315239961177204
46,0.7266881959691268,0.06309683156320209,0.009428580307863603,0.020183395282336442,0.18060299687747108
47,0.5085905384683505,0.2057986093724694,0.24087697210079598,0.036066593320512264,0.008667286737871949
48,0.5688177258446021,0.2802698363831839,0.09771697149406003,0.035807218194989984,0.01738824808316396
49,0.5658266445746948,0.2684208971443024,0.10563052966054952,0.03738256055428587,0.022739368066167675
50,0.5371118815522359,0.2393829707798281,0.16072155181662062,0.014451675859498149,0.0483319199918173
51,0.6335055080586774,0.22682995149559512,0.0795159034785213,0.021352304500476024,0.03879633246673015
52,0.7619079144800381,0.11201699526268914,0.09225857768158605,0.006710233481085599,0.027106279094601265
53,0.6206887389826709,0.1943111811605951,0.11903200801656892,0.04661917080274557,0.01934890103741975
54,0.7174668029515573,0.14212073012707377,0.02118251420444537,0.051525357693991275,0.06770459502293232
55,0.7052477458769115,0.14853395331277033,0.09873386706563765,0.03862845177310334,0.008855981971577189
56,0.5048644060926158,0.28491966022841136,0.1305441706914571,0.05148308496429242,0.028188678023223297
57,0.6332606866567262,0.21001879215149405,0.09419692261920566,0.05119080072331745,0.01133279784925662
58,0.5745373483965319,0.23438970727755185,0.09512041159774748,0.03923012636330081,0.05672240636486797
59,0.5114138742608351,0.23516634665773511,0.1538914447817234,0.04058219203405902,0.05894614226564735
60,0.7657728875463062,0.11256159423203989,0.07747533654759373,0.013310064052680188,0.030880117621380012
61,0.6231176875632547,0.28808950023852165,0.05214784215720245,0.009726775113900372,0.02691819492712077
62,0.5851372868793597,0.015126310798363742,0.058796423489732165,0.15076558190499897,0.1901743969275453
63,0.5819383972624788,0.22131160703873035,0.11980594432370145,0.059924864505414316,0.017019186869675264
64,0.6178308017628712,0.2528589556685601,0.0766241883828417,0.037552164337050144,0.01513388984867678
65,0.5612836412655874,0.3027607194928273,0.025973886249677707,0.04699564867460506,0.0629861043173025
66,0.6291463315114353,0.21536155495614284,0.07406441329605999,0.053490327252964286,0.027937372983397688
67,0.4046390874285349,0.29461805148183207,0.22626817961312906,0.051861364844769706,0.022613316631734364
68,0.5383513625531108,0.2767649537635857,0.10107955482533226,0.02083647867668563,0.06296765018128592
69,0.5289715993323537,0.24404651908893177,0.12760768301428158,0.08032007602738549,0.0190541225370473
70,0.5395721135638035,0.23412262119022093,0.113911426775767,0.07816173258443479,0.034232105885773786
71,0.4795152531298715,0.22571821207569515,0.1860399983431461,0.08373881364080214,0.02498772281048508
72,0.4254003199119925,0.2704515823480538,0.031675476523147277,0.1551208760092745,0.11735174520753186
73,0.5046087718023246,0.034676331715434404,0.09945245216054356,0.14801743366975323,0.2132450106519444
74,0.522166876415975,0.23001087410193713,0.1356322859467471,0.06653413645387762,0.045655827081463
75,0.6396060092054009,0.16949691285299237,0.030198018906281893,0.05828800392748098,0.10241105510784397
76,0.49834624403876465,0.2689578171312191,0.12994961050818593,0.07606654366837307,0.026679784653457092
77,0.5893730443255546,0.01770945614158816,0.052203085195632826,0.16796560640891975,0.17274880792830466
78,0.5701369518771152,0.2407441559671327,0.10084319757033544,0.06663231312521994,0.021643381460196693
79,0.5766495788178525,0.2890944654754034,0.06569780952617064,0.05571340077725086,0.012844745403322764
80,0.5851059371033965,0.17957703289771643,0.028274447003177276,0.09534937493982755,0.11169320805588213
81,0.4993052391318952,0.3076678319736494,0.021115219157811786,0.0941333067495331,0.07777840298711053
82,0.6904722219194291,0.159141607042304,0.08410058275267931,0.018282729676200187,0.04800285860938729
83,0.6664975415821401,0.16239770542130086,0.11571611620116863,0.017651595339811026,0.037737041455579406
84,0.6658603409492203,0.16822092455418147,0.10847692007266233,0.013114001837840148,0.04432781258609577
85,0.6610092593382733,0.18118190262510087,0.10418850166013952,0.04137641159890687,0.01224392477757936
86,0.6589823141360107,0.19720042138349336,0.08013018251645068,0.019944529505423764,0.043742552458621485
87,0.5988256014186697,0.20559842325644034,0.1139400813665748,0.051387311074477,0.03024858288383824
88,0.6357732848981201,0.26636508885757837,0.050130816770499596,0.033729963490784186,0.014000845983017705
89,0.6122663272509112,0.20601838455217136,0.1143967455421289,0.015605476466954513,0.05171306618783386
90,0.6984139540361011,0.16287930145051566,0.08912666574573273,0.02958201368686741,0.019998065080783004
91,0.5652752008762996,0.21575566511819855,0.17227527464274556,0.029820341277133306,0.016873518085623058
92,0.6433618180181356,0.15438080426216502,0.130418356382758,0.01676300583255676,0.055076015504384616
93,0.6238608457526457,0.1737751296394279,0.11482673613165136,0.06055547598529189,0.026981812490983238
94,0.5350943649680959,0.3213663030773633,0.06914316138810213,0.044895012398670255,0.029501158167768524
95,0.5154475117614604,0.28607210649322007,0.10757309341383244,0.03013336103563295,0.060773927295854124
96,0.5128013581841752,0.24209860197853003,0.1361383801320339,0.03760269806122199,0.07135896164403893
97,0.6777910204619851,0.2283407360944275,0.0538039784242034,0.024793719598943095,0.015270545420440824
98,0.733072210052709,0.14760682456223528,0.08763307267190208,0.009669400827063062,0.022018491886090633
99,0.6826024079204216,0.17261287167106473,0.08850022167421139,0.015230320720747403,0.04105417801355484
100,0.5854092881846558,0.19795037863340417,0.1449809287124322,0.04068890045094315,0.030970504018564698
101,0.6635764226669131,0.17627348140150859,0.08295629616589019,0.027452984672135788,0.04974081509355233
102,0.572552849842419,0.21003081969399984,0.1407740400955664,0.06146958225044811,0.015172708117566564
103,0.39254780732498146,0.35036814493070745,0.023356365162164133,0.1395365425999568,0.09419113998219021
104,0.6516114831859785,0.19203907539570833,0.09583601880458203,0.04140963539989666,0.019103787213834406
105,0.49916589397204864,0.12221136365651603,0.02371983723800237,0.07348693353563805,0.28141597159779486
106,0.6428856023032616,0.18298377136330757,0.08843291349473917,0.028223456049819184,0.05747425678887247
107,0.47287282046336127,0.24699463748472972,0.18770763013859423,0.02518815023371932,0.06723676167959537
108,0.5770317792989531,0.25553469744903085,0.0890299404300698,0.0613212301063476,0.017082352715598822
109,0.6499489853452163,0.1939517268928001,0.017011469658554945,0.0852207705444154,0.05386704755901328
110,0.6323067754527723,0.16608142168221016,0.12707969409815387,0.03051045298872563,0.044021655778138054
111,0.6562640579149216,0.20133793234083572,0.0756742708641255,0.02248771055360887,0.044236028326508255
112,0.562622271493115,0.24832859052795703,0.10939987298049379,0.04731432966419041,0.032334935334243704
113,0.6755419625588961,0.17747683515330398,0.09774978575963539,0.012191060874045536,0.03704035565411885
114,0.5929496801294852,0.22932192035644827,0.12404726910860125,0.03324571654991935,0.020435413855545866
115,0.509926037524137,0.2893649861246915,0.14209704082595837,0.04076615235531786,0.017845783169895185
116,0.6035865493217892,0.09756969027702624,0.05980619792785608,0.03110002581444202,0.20793753665888645
117,0.4901373994952689,0.28186339907273844,0.13620495433234517,0.06116191232528056,0.030632334774366905
118,0.6210632427172535,0.17760092586175788,0.12347847492642341,0.06221485017644789,0.015642506318117207
119,0.5886016672827747,0.20004843983903897,0.11172891768086568,0.07842616132284319,0.021194813874477567
120,0.5365261011273643,0.26018030405347553,0.11167667860504131,0.06145339780543874,0.03016351840868002
121,0.6129690217349133,0.2240143035023522,0.017749997535301643,0.06154340107136255,0.08372327615607031
122,0.6311191033275706,0.17861265983119826,0.01648533073942437,0.1025364322474948,0.07124647385431196
123,0.5932869306101617,0.19608566331982205,0.13244066876693503,0.01477205019363423,0.06341468710944702
124,0.5552057975310623,0.2529820343072187,0.11522529615156304,0.05786016647243093,0.018726705537724986
125,0.41124254872707233,0.2928143695972776,0.022979994111776432,0.16521664704802513,0.10774644051584871
126,0.899822666798665,0.04797882324052716,0.03223761517847989,0.014002649826432689,0.005958244955895217
127,0.6800906214466876,0.1497292742463278,0.08438517968481501,0.029787807613610787,0.0560071170085588
128,0.6884868331627587,0.14016065047752796,0.11461389007900116,0.012178935809781249,0.04455969047093099
129,0.5781871937268306,0.22916211885132023,0.11734403833330712,0.024308596181634515,0.05099805290690755
130,0.7100763044652509,0.14591182536228955,0.08349540542494004,0.02435708523121679,0.03615937951630279
131,0.5267630832275805,0.25600016312578333,0.13414613991131688,0.04244769169406697,0.040642922041252354
132,0.8395106155716039,0.01052272527443319,0.029337265829291005,0.06483026987030859,0.05579912345436337
133,0.8470528309992272,0.07130848089113474,0.04830105020290786,0.011482728409221864,0.021854909497508276
134,0.9059706021086299,0.05530192120428306,0.020868696203616616,0.011452705866317974,0.006406074617152451
135,0.8397442695680415,0.12686270361462781,0.021659544238942417,0.008303229135369813,0.0034302534430184052
136,0.878203023038547,0.0768852246034584,0.028053154753735893,0.006769870188733669,0.01008872741552497
137,0.6846469459924699,0.2070050755787686,0.07074878659200019,0.022285353472876163,0.01531383836388516
138,0.49049770390714936,0.3110094514201425,0.1297057946266742,0.04081073487396124,0.02797631517207276
139,0.4815574488825075,0.34796606728233254,0.09852832104558785,0.02994493886702125,0.042003223922550736
140,0.5109864420489376,0.34153761476067734,0.09789677187561589,0.013743022219882179,0.03583614909488689
141,0.48778936634327696,0.40918691135038193,0.05559575551631969,0.0323068954704403,0.015121071319581118
142,0.5075080138463663,0.35357732497002176,0.08979430957879236,0.03254355905641712,0.01657679254840237
143,0.5206637527679274,0.34310444001288715,0.0834195933265572,0.03132987576569623,0.021482338126932128
144,0.6026355041934518,0.3096980724882976,0.04916344685517772,0.029954305764932895,0.008548670698139913
145,0.4621577676840023,0.37429200347031016,0.12244461304874481,0.015513155846633596,0.0255924599503091
146,0.6464430501988755,0.2684630175627818,0.05419334892526327,0.012744526600884591,0.018156056712194866
147,0.49931131245643234,0.36792947169661916,0.09170178144638035,0.023820333128350087,0.017237101272218135
148,0.6043109178843421,0.2941066125666753,0.07627181445416191,0.009365116811745016,0.015945538283075468
149,0.6322677104303634,0.23741721178588396,0.011237393080689845,0.07207465286510896,0.04700303183795384
150,0.5978994787278432,0.23623774409175255,0.011467403178919044,0.07556646826491187,0.07882890573657325
151,0.5864077448696347,0.2384072615705087,0.11680946671979112,0.0406054594455657,0.01777006739449998
152,0.701724312161557,0.013495226901331068,0.04769140047340021,0.06373700275675474,0.17335205770695702
153,0.7600138884930884,0.14863359618961736,0.05107252365482077,0.03212461558682783,0.008155376075645647
154,0.5932112195596796,0.22217342305219803,0.13757584663772587,0.03639579364185013,0.010643717108546388
155,0.6722519561291352,0.18985193795576213,0.07926540599712395,0.049906575766517906,0.008724124151460677
156,0.6194112337041093,0.21250178030187256,0.09339008495949082,0.06338781799795919,0.01130908303656819
157,0.7296830183219931,0.14511127129633541,0.06533073895717056,0.05296529784084769,0.0069096735836530485
158,0.6176985586334488,0.1768461188695631,0.12971607338109198,0.05640559776625554,0.019333651349640706
159,0.6524840855237067,0.025679808669569974,0.06357904929473603,0.14705861475929005,0.11119844175269726
160,0.6807957355854473,0.014591491384860742,0.13143887602922946,0.08121050950375847,0.09196338749670398
161,0.549753768320977,0.2843344287680524,0.10167152411217632,0.02007089588816767,0.044169382910626866
162,0.7358520908975762,0.1731802934156779,0.0443594815776609,0.029062494045168655,0.017545640063916384
163,0.5744615472310174,0.22941424277507935,0.15814921793486503,0.027662239899577237,0.01031275215946092
164,0.5623740370456484,0.3080328804098352,0.08827633710070366,0.027790304345494184,0.01352644109831869
165,0.6248959748692465,0.27235764868048307,0.06767143416666611,0.008566839230487048,0.026508103053117155
166,0.5667253041691926,0.28925943188329156,0.10315506268549433,0.023767335781176884,0.017092865480844655
167,0.5813523545757181,0.27106419763387785,0.09434429067945378,0.028932300223403984,0.024306856887546288
168,0.7355694992152262,0.13067429501697214,0.09668430338985648,0.027629677338967595,0.009442225038977509
169,0.5957585962436929,0.26451619532130916,0.07388972465363927,0.0454271355686774,0.020408348212681296
170,0.714186877474073,0.12578284109944127,0.0999928146001172,0.012986953005769753,0.047050513820598674
171,0.7039544415990796,0.18019505391726848,0.056000028003028016,0.04537472079648055,0.014475755684143348
172,0.6985749398118224,0.13191019341152418,0.11382881614287071,0.03540634513730836,0.020279705496474197
173,0.6231057456476765,0.1996384383841272,0.10378394306039708,0.058995716790146126,0.014476156117653209
174,0.78132756063683,0.10142482761168742,0.06486252144197281,0.041388739271386886,0.010996351038122886
175,0.7820590296204214,0.11123173113466198,0.05277956171243598,0.03369685576690856,0.020232821765572156
176,0.7406972506070716,0.15498203657508847,0.02058644119185967,0.04790948763503304,0.035824783990947205
177,0.7650646902996098,0.14469131629554605,0.06025078572590689,0.023745608141776304,0.006247599537161001
178,0.6265296369667835,0.262014613887224,0.06237870348661998,0.036103114396990425,0.01297393126238197
179,0.6212615138532576,0.2297692199360253,0.10411137359414997,0.029363281965584225,0.015494610650983103
180,0.7807323574573518,0.1289350511613907,0.04929906766586863,0.02852170086469545,0.012511822850693455
181,0.7159185335320097,0.13136426139713453,0.10935180249500565,0.03283118193603123,0.010534220639818915
182,0.7041759596764962,0.18566858894847976,0.06971518548996859,0.026316811371837685,0.014123454513217773
183,0.8134969986523876,0.09686330305355258,0.05728644174522794,0.02339508526238191,0.00895817128644989
184,0.7338580831670134,0.16959406054671192,0.053494277851769606,0.016145077688330498,0.026908500746174516
185,0.6934219535784059,0.017530770217863534,0.035775845876982335,0.10901997932655544,0.14425145100019268
186,0.5801525040291569,0.015196473303934763,0.0504009832454115,0.1690054402574535,0.18524459916404332
187,0.505446241639734,0.3362481707450272,0.07362175081611645,0.030276646375895205,0.05440719042322701
188,0.4553459601510391,0.31955749620496005,0.13878455067173118,0.05699947563860864,0.029312517333661015
189,0.7000476803487568,0.15457900861592386,0.08442126747597821,0.01256934202621461,0.04838270153312655
190,0.8738081685728264,0.07194155867093598,0.03032018078867819,0.017639426814737166,0.006290665152822326
191,0.8546356198012248,0.075271563070665,0.03889710827375078,0.02390939483240968,0.00728631402194966
192,0.8179272933887273,0.10238693993108791,0.008736446572289346,0.021435866314515693,0.049513453793379986
193,0.7427153916814634,0.17413035712710265,0.013709585516380924,0.03914097868846283,0.030303686986590105
194,0.6689948796997502,0.2076520923266634,0.06649518230673916,0.018819546205250694,0.03803829946159668
195,0.5803630567726128,0.24897328155730705,0.11722471373116575,0.03159028846111694,0.021848659477797402
196,0.5363205286811752,0.25994293903171645,0.11937294200987808,0.047223801625820336,0.03713978865140993
197,0.5318923954845302,0.3173654506346162,0.016084443787882288,0.08111680183789491,0.05354090825507638
198,0.5661696195156263,0.28709336998325635,0.09322671843706631,0.03899240103645793,0.014517891027593096
199,0.5660516795081032,0.24077527365208576,0.11718566354647594,0.018122785111561256,0.05786459818177385
200,0.7259872156681058,0.1435224289194856,0.06978504255470917,0.02022677755058058,0.04047853530711884
201,0.7885760292427498,0.12521003963391436,0.05508807875477032,0.01958116488349374,0.011544687485071557
202,0.7514194001709503,0.15416723051329884,0.06272503687237932,0.01981084758523376,0.011877484858137626
203,0.8494662035472207,0.09423503492229562,0.032244850896002146,0.009616904264413991,0.014437006370067632
204,0.7207721175776834,0.19278817326974532,0.06080437667925762,0.00905248197149161,0.01658285050182197
205,0.6517557760104773,0.23143661238348437,0.08682422807679771,0.02275154225722703,0.007231841272013581
206,0.5928261283573403,0.24048216693511926,0.09088948467404118,0.05467736023273725,0.0211248598007622
207,0.49899042300378527,0.1170177175915874,0.028777699350822715,0.0641643094729344,0.29104985058087024
208,0.502980023714839,0.3188804977240968,0.08872975727262786,0.06957158534079028,0.019838135947646135
209,0.5143723258101179,0.2941625845186929,0.1093380633092401,0.02136730659694804,0.060759719765000934
210,0.5173202840439567,0.3191153897672268,0.08563937037835051,0.06252324114219023,0.015401714668275722
211,0.6983533308303848,0.14157245853053932,0.10582174978950361,0.03595695541793526,0.018295505431637105
212,0.5677001424661023,0.20771247627532566,0.01605129356903039,0.05659862272496263,0.15193746496457888
213,0.588759764551973,0.21913182757003355,0.03560253870575447,0.06400172624675492,0.09250414292548409
214,0.7526939430364546,0.11251206817937177,0.07267505249912834,0.03883694574346062,0.023281990541584644
215,0.7840300562253282,0.11764733366357785,0.057301137406312014,0.032101355373552194,0.008920117331229835
216,0.7183380606611681,0.14481790774701023,0.07787419856024497,0.04564240300394463,0.013327430027632061
217,0.7620011717282098,0.114357169474335,0.06642879752438621,0.043785167754193555,0.013427693518875558
218,0.5998370980033901,0.23272009369862878,0.09271592604182666,0.05630254093511656,0.0184243413210379
219,0.6289138101957159,0.15615069786123115,0.031063356363804664,0.10217025548739508,0.08170188009185317
220,0.5554151208714628,0.27026123736408947,0.10053844342842495,0.04511071856607969,0.028674479769943084
221,0.49110848614575886,0.33444337673864105,0.12420327730845951,0.017222182689632434,0.03302267711750809
222,0.6640289056130724,0.17101934298602983,0.12254852678491483,0.010864896525995054,0.03153832808998797
223,0.7424589721081128,0.14957692691171542,0.052317128940000145,0.03219286259212415,0.02345410944804748
224,0.7348103941953233,0.1286785190724305,0.08808519536642724,0.0297447941972472,0.018681097168571612
225,0.7455375772653162,0.14653766034756946,0.06316689529236036,0.012254962103086756,0.03250290499166711
226,0.809383597240128,0.10527362667116937,0.05140897973148804,0.006104342156554802,0.02782945420065979
227,0.7859437751305568,0.1452404289973927,0.03852270457082037,0.0064353851665209525,0.023857706134709326
228,0.8196744470867369,0.09972530674646304,0.05901661388837878,0.008753584093985002,0.012830048184436322
229,0.7358455526052557,0.1667704270997982,0.07306497384803312,0.014121879338713528,0.010197167108199451
230,0.6674557320362491,0.21229513239007922,0.08992814984029804,0.01890924557012419,0.011411740163249568
231,0.6443946083006324,0.25684994548049267,0.05922616657594246,0.02632486888824054,0.013204410754691837
232,0.5599903225103717,0.2541580409538977,0.1291513082698434,0.0181016148973438,0.038598713368543223
233,0.6431578746625515,0.21651689775871225,0.09812714401188913,0.026718920182310653,0.015479163384536398
234,0.5432925678442935,0.26412814891320574,0.14205725419005277,0.02354341352049651,0.026978615531951303
235,0.5835951973830251,0.2672007420080768,0.10489060652108856,0.019381766856941457,0.02493168723086793
236,0.39874035018233084,0.2660979678382868,0.2945987847288709,0.028133124623699983,0.012429772626811397
237,0.5046020608639101,0.3604311792331591,0.07982706782741646,0.040028330289838224,0.015111361785675965
238,0.5382136332774317,0.2883364233427554,0.10691901024605573,0.03852841972101593,0.02800251341274133
239,0.5424914863459241,0.2560292332827771,0.13882102746421165,0.018702259391468162,0.0439559935156189
240,0.502202119539674,0.2708432603664575,0.11107409552366122,0.0856330137161494,0.0302475108540579
241,0.40980183026395284,0.3145948260422385,0.14508824392501934,0.08754226503449773,0.04297283473429182
242,0.40178433038170835,0.029993117079905388,0.2362441974559001,0.1518531892517018,0.18012516583078444
243,0.5296221508051604,0.24937574442032073,0.019566122929483353,0.06164555092697552,0.13979043091805993
244,0.5387143362076421,0.26729031834140393,0.10131392222672778,0.07457743898477548,0.018103984239450737
245,0.5902900331146813,0.21650330074383264,0.10567552109845324,0.06821824476183663,0.019312900281196303
246,0.7028037385758545,0.14060159571161904,0.08966019999631718,0.04600803003370425,0.020926435682504987
247,0.5763499861389964,0.20723840235883392,0.14996477889009618,0.05248282735217281,0.013964005259900677
248,0.8221446839580318,0.07961418562421124,0.051573034568752035,0.03826231812316498,0.008405777725839983
249,0.6887720334312237,0.13833759134324658,0.10822355342023827,0.013954786881515933,0.05071203492377548
250,0.6112660009562316,0.19193200649116796,0.11159965101232845,0.021044620700618737,0.06415772083965318
251,0.7659631293264303,0.01755607523590495,0.04099731297177404,0.08322298366021581,0.09226049880567487
252,0.7557327043822429,0.11929693573248883,0.015321072979074798,0.06906347613630213,0.040585810769891206
253,0.8633362627222143,0.07199958077387891,0.03845624291668709,0.01790513227403618,0.008302781313183462
254,0.7663534370712697,0.14001215805250414,0.05341395417210019,0.025653457628604902,0.014566993075521102
255,0.6659199228177008,0.19769673887016911,0.08348787013389593,0.014122950086326401,0.03877251809190774
256,0.7380136922436644,0.02890311544393165,0.049014133623252264,0.07585003180995227,0.1082190268791994
257,0.578596405850548,0.24598312865613395,0.02710984825746133,0.06533101766866029,0.08297959956719632
258,0.576996561183016,0.20199372168564245,0.13515997591920514,0.04047698787525396,0.04537275333688251
259,0.5898250525496531,0.20768988932085367,0.07811018890567842,0.10383818787447421,0.020536681349340488
260,0.6316765563581316,0.18351323384563945,0.11322573086174707,0.056520147851575456,0.015064331082906585
261,0.5750458684190041,0.1992823931859256,0.13932358166927494,0.06596478878373621,0.02038336794205934
262,0.7225739581824263,0.15346972452516922,0.0767850066241753,0.013821343245725214,0.03334996742250385
263,0.4518354575062083,0.46293793946497014,0.048703058616001826,0.02393575442848868,0.012587789984330917
264,0.6105969688340039,0.25552214605757645,0.09937930134422349,0.024347164649174895,0.010154419115021256
265,0.5675658774258697,0.31118838141010713,0.052020310321438876,0.04101495070708215,0.028210480135502133
266,0.5130617819239428,0.39162844966489635,0.057231148851882116,0.012811178739617674,0.025267440819661008
267,0.6829453452659432,0.16917242429975488,0.10522163006327642,0.017759536472686122,0.024901063898339397
268,0.7311457474372685,0.14252467680700928,0.07139767161646261,0.020663056030612983,0.03426884810864669
269,0.6368562715181568,0.21124350731953376,0.1000004295802181,0.03883702223048647,0.013062769351604699
270,0.5399878440160459,0.30824566875454634,0.10424597330287745,0.034491726558762856,0.013028787367767518
271,0.6900314449399073,0.18736507712366385,0.08367436411344933,0.01096627903892423,0.02796283478405533
272,0.6809088984318976,0.21370023793789567,0.06605807242684963,0.008827585112851723,0.030505206090505416
273,0.8299152752248327,0.12329457818735322,0.02536950740998443,0.017026087989472707,0.0043945511883570244
274,0.7491711817386639,0.14042762498696337,0.08280160645844575,0.011934925620761238,0.015664661195165817
275,0.8904626208235628,0.059659564917210826,0.0353947403467829,0.008819914381075818,0.005663159531367599
276,0.815146406190508,0.09910509046995837,0.04918410071476293,0.026641603051233663,0.009922799573536971
277,0.6391658693974086,0.2094958955523439,0.07810904327543004,0.05273405883889312,0.020495132935924254
278,0.3962296904474839,0.35917222687553735,0.13650630419934257,0.06113831608981583,0.04695346238782033
279,0.5013197970531882,0.3090727646404085,0.11231802657658482,0.051196535427138944,0.0260928763026796
280,0.6748499910900302,0.18076101518025772,0.09229757754746643,0.01750153532684983,0.034589880855396
281,0.6752730582639482,0.17779797212168919,0.09644202842648196,0.031213587835934746,0.01927335335194574
282,0.5532255247046264,0.3322846779138051,0.06129877438424473,0.03166226307334529,0.021528759923978586
283,0.5623833756241159,0.02037107013233558,0.044015119417053425,0.15492730045952316,0.21830313436697182
284,0.6022135549324721,0.26335189108156964,0.09254236768458048,0.016921974046396913,0.024970212254980865
285,0.49651108527858884,0.3796958502224468,0.08583677642848066,0.016761663874220567,0.021194624196263178
286,0.45627398056690616,0.3474987880015216,0.12515510197047996,0.0435932741054141,0.027478855355678167
287,0.5647065134946543,0.2690416595141127,0.11081125233393258,0.013608953407425448,0.041831621249874926
288,0.5086855513185331,0.3039381741808028,0.1331659953845351,0.014920634710657512,0.03928964440547154
289,0.4445162335179345,0.25596056953879576,0.22136982849148854,0.014280442806580468,0.06387292564520082
290,0.5335251187081202,0.24563175022270267,0.12688840217519867,0.06931833731270677,0.024636391581271653
291,0.5378331752638503,0.23842348180113695,0.11730587325628186,0.04042023791432135,0.06601723176440949
292,0.6905621604646908,0.017305251884147946,0.051502182768795014,0.14452803167278902,0.09610237320957736
293,0.5823148551286332,0.22518411196815522,0.11140684027932464,0.05678320428699145,0.024310988336895344
294,0.43103933555768,0.4121190064244522,0.02473082329792645,0.0763091813157757,0.05580165340416557
295,0.3517150866739494,0.36069114782164086,0.1614278315283589,0.03716820624934013,0.08899772772671058
296,0.5781510469421854,0.23100585219261374,0.1371912323003376,0.020330143294615743,0.03332172527024741
297,0.5999428991564931,0.2126926766749511,0.10656920267500543,0.06809199977203542,0.012703221721514993
298,0.5304453920920941,0.2656804511227224,0.11041740391427585,0.06528640374752502,0.02817034912338257
299,0.5914534094798611,0.2104428472535849,0.11849167080309496,0.05724791225407106,0.022364160209387893
300,0.7107576414253751,0.1781640803329245,0.06877958328517107,0.00697118634870657,0.03532750860782276
301,0.6061574159370262,0.2306198659556604,0.09206632616855702,0.038146319675984766,0.03301007226277158
302,0.6421571860285645,0.17430662258813814,0.11312694276204373,0.05496303985585751,0.015446208765396038
303,0.5092174686436476,0.2746325834742909,0.16218385326396256,0.02173388203025687,0.0322322125878421
304,0.5165621361984296,0.2537430319165156,0.14466660041302892,0.05255338316733151,0.03247484830469435
305,0.4133387328255584,0.2853783214347308,0.17702441008081365,0.03917947906720427,0.0850790565916929
306,0.6078673194126578,0.20579058833095493,0.11750256555636071,0.04262627182468156,0.02621325487534491
307,0.7665724862263483,0.1233216781219679,0.06495841164283742,0.030026216315155407,0.015121207693690963
308,0.5500716872458917,0.284438403711991,0.10079419393614525,0.04581283626171565,0.0188828788442563
309,0.5221661444762261,0.26439985067006405,0.10890648176538911,0.03787780784706077,0.06664971524125984
310,0.4088880577513503,0.29565450721631087,0.1544108409271626,0.060054186132684956,0.08099240797249123
311,0.47216732291387414,0.28652086555443435,0.13511957111585188,0.05941001297980745,0.04678222743603217
312,0.3172584882919651,0.057741983196331226,0.0714266903943043,0.0991221524875323,0.4544506856298671
313,0.525505836412116,0.2607169438903786,0.14398625371361887,0.02032876804151751,0.049462197942369064
314,0.5083898719452313,0.2663392131234771,0.16388036539154024,0.020363131622254407,0.0410274179174969
315,0.6289332844070893,0.22966241214122077,0.10683964454092959,0.015508395799791738,0.019056263110968752
316,0.7857532601600453,0.1235853469843439,0.06506236972361115,0.01934142551346444,0.006257597618535055
317,0.7163951774927546,0.15519194931310692,0.09253265755886435,0.026444766159877606,0.009435449475396481
318,0.5792659801019046,0.23446929167649194,0.11115013623288247,0.04330756446448717,0.03180702752423406
319,0.6305503197516771,0.1947440454958633,0.08573674722488334,0.05420107034434427,0.03476781718323196
320,0.7127212328404707,0.1389432864028463,0.06770837019789964,0.0343681624174704,0.04625894814131279
321,0.5650995375034246,0.25861086953172024,0.12430223329803565,0.031818194770573974,0.020169164896245557
322,0.663419949583313,0.18315987127002334,0.10614963655427452,0.02081851593546662,0.026452026656922503
323,0.6627425685639944,0.1381483049670925,0.11839326206300213,0.02170634282033663,0.05900952158557426
324,0.5526572196032049,0.20036204070023164,0.1550422986408081,0.018376314511933223,0.07356212654382219
325,0.7489338415910747,0.1584856624660384,0.04898722426257433,0.016508803609290832,0.027084468071021623
326,0.68399612581162,0.16038619544015417,0.11221668522982428,0.010580692182684117,0.03282030133571751
327,0.70205071832051,0.1761082743017968,0.08020579983210761,0.024167203919722633,0.017468003625863014
328,0.7790249960638783,0.11587758257905023,0.06610528446377796,0.022763153641620144,0.016228983251673237
329,0.6927118826868134,0.13506051673096986,0.10097901036614083,0.041070904601753035,0.030177685614322842
330,0.6161906151555596,0.20006144662720787,0.11414171268975185,0.03320102064578577,0.03640520488169483
331,0.594504210825175,0.26580313070295186,0.08168915907256484,0.033142206514928704,0.024861292884379407
332,0.5247332159095343,0.3154198262427909,0.09630780689057977,0.019796758754092002,0.04374239220300306
333,0.6533124577311986,0.23586403081505175,0.055827289122965286,0.02874993600752658,0.02624628632325776
334,0.6409804491943119,0.22444753267862075,0.0734400106359806,0.040036964243403965,0.02109504324768277
335,0.6064799471870751,0.2171637555921048,0.12395476678741442,0.03585746846424114,0.016544061969164345
336,0.5441343983143261,0.2238735379178534,0.11751722882361568,0.08473152238251315,0.02974331256169176
337,0.5139717531505568,0.22402865590904694,0.19535813135459584,0.014829425432930395,0.05181203415287003
338,0.6893973393126464,0.16641235998523127,0.014027116222353853,0.06244424166657879,0.06771894281318977
339,0.5103486628144808,0.0267902784004293,0.06919354394212915,0.21832022969166456,0.1753472851512962
340,0.6086739299276035,0.02373434219711309,0.16311262894286171,0.1053432457877087,0.0991358531447129
341,0.6330132663044575,0.017821753828713708,0.14252138236670436,0.08988924362377203,0.11675435387635244
342,0.7730178237287911,0.11130990607383354,0.013098879650523303,0.042919219587363895,0.0596541709594881
343,0.7094331594932675,0.1248817561952022,0.0190484642961033,0.08044995309105694,0.06618666692437021
344,0.7543552712638565,0.11570823152664332,0.0791114533869595,0.0408442093122334,0.009980834510307159
345,0.7385342309230484,0.1112552003141149,0.08298560690708272,0.04577092843273042,0.02145403342302366
346,0.7168414912761878,0.15302323581459962,0.08774048863035436,0.02762084167072316,0.014773942608134971
347,0.7355116080887542,0.14134422191439502,0.07146852665672232,0.03672516617369451,0.014950477166433888
348,0.6432553489602845,0.2239333106131728,0.09211587965778903,0.032187929754289885,0.008507531014463747
349,0.5968437838535726,0.19453693463279886,0.14800583880512164,0.020490374481606084,0.040123068226900815
350,0.6014620653148599,0.20686140473577186,0.10190066071246512,0.06623298787015797,0.02354288136674524
351,0.6174537516974438,0.21345712698466376,0.10442580426689248,0.01423074928904776,0.05043256776195201
352,0.5954766017716254,0.20387387580953648,0.12456018470297667,0.04945564802045884,0.026633689695402574
353,0.4417346893407614,0.262364653408401,0.17356707955675507,0.04773849783538033,0.07459507985870222
354,0.5509869892066139,0.21577967386566468,0.14209353701333627,0.03592608935726178,0.055213710557123534
355,0.5966493231492188,0.2529035742870986,0.0883546692020529,0.036698579121957134,0.02539385423967241
356,0.6824920550169233,0.14910729358096247,0.12090943100007594,0.036388457624438104,0.01110276277760007
357,0.585246270037084,0.27813718387314484,0.0787543064615442,0.04495657925246567,0.012905660375761404
358,0.639533569211375,0.2283383981447392,0.08834842992161669,0.03609424665865834,0.0076853560636106445
359,0.5866774120073708,0.24123786622645793,0.11106272889636723,0.04488637996452324,0.01613561290528075
360,0.6111288850322272,0.20758885488855772,0.1284950813576517,0.01489741593558899,0.037889762785974314
361,0.5958969842495861,0.23384353692545126,0.08911111499754386,0.06354141312464517,0.01760695070277369
362,0.46035427921452693,0.2485320321741078,0.19465338728009657,0.0697372914082951,0.026723009922973592
363,0.47520285093160947,0.032912397763663455,0.07982888120828986,0.16036305853117297,0.25169281156526424
364,0.5197080412145567,0.2428750162719523,0.15094126580867742,0.05828026738037523,0.028195409324438425
365,0.4274310502667824,0.2755098094089215,0.2191662833460995,0.06036619688256618,0.01752666009563048
366,0.4902043382845783,0.3302045008438005,0.09070744360813152,0.0591888945077151,0.02969482275577463
367,0.5219508544456046,0.2598519878158909,0.11589274311211482,0.039745808232367036,0.06255860639402243
368,0.5660375904349734,0.231403762393117,0.1407836018554285,0.016987278746866744,0.04478776656961439
369,0.6027114161980843,0.1976355939575605,0.12112709035003613,0.02620009798714811,0.05232580150717097
370,0.5105087884196788,0.29409748041070255,0.13786915113688647,0.019370326899425944,0.03815425313330629
371,0.4994546464857937,0.25055434320121456,0.1563316673256855,0.053323217655838535,0.04033612533146767
372,0.4367171389312713,0.3344341852554923,0.14159889055402392,0.05374003580285556,0.033509749456357145
373,0.46922061487418376,0.32163473543932447,0.09958288518524006,0.03810917604412477,0.07145258845712696
374,0.4445357792304205,0.2532223234044385,0.18955319785495467,0.05867960640713639,0.05400909310304982
375,0.6476900426324449,0.20896400266003923,0.07567385149228867,0.04712297864563441,0.020549124569592712
376,0.7466371422558263,0.13852823241315973,0.06526051161350863,0.016237704415701975,0.03333640930180326
377,0.6875671203184028,0.17260468962168654,0.09473695972039885,0.03512615110347378,0.009965079236037755
378,0.6586087536679531,0.20557080428684235,0.016168116908790844,0.0687796718683001,0.05087265326811361
379,0.7248291816215466,0.17000448329753895,0.05283146156665057,0.03329715433051242,0.0190377191837514
380,0.6227348207246399,0.2209262273270058,0.0839138744440908,0.05067282291606371,0.021752254588199887
381,0.6800878843021136,0.1756425417283962,0.021413800167730083,0.0576177748353484,0.06523799896641166
382,0.633704884742581,0.20419565219147226,0.02260671593202728,0.07094800855754362,0.06854473857637575
383,0.7605412280395418,0.11080700055949642,0.07924945092379342,0.03169543514752958,0.01770688532963864
384,0.6537571437748116,0.17476491025024476,0.10104056050295976,0.027165351998328008,0.04327203347365585
385,0.7224300581648297,0.13107244437606605,0.020922355816425087,0.07111066556315397,0.05446447607952508
386,0.664338946785183,0.15654040216802845,0.12598579743027094,0.03984662116483956,0.013288232451678133
