,0,1,2,3,4
0,0.544437489274178,0.24477177509354534,0.12117941754704549,0.04723616584021051,0.04237515224502073
1,0.5427472358254933,0.24354182350579784,0.12287819629911045,0.050891758943079554,0.03994098542651876
2,0.5889134626437663,0.19425697198893294,0.14119951243586693,0.032636887057070386,0.042993165874363415
3,0.6258272198870841,0.21683135977977494,0.022484228614226928,0.07448900871222237,0.060368183006691584
4,0.5752282879880151,0.23907441692771741,0.11236877967939815,0.025470594469013372,0.047857920935855926
5,0.6181305667986662,0.23055037079315868,0.08390130198856326,0.020051330357317734,0.04736643006229421
6,0.5891137837637844,0.2162074148443402,0.12193838031059187,0.01850031830893181,0.054240102772351695
7,0.6205565338808412,0.23010047305578182,0.07440807685841626,0.028649418331363658,0.046285497873597134
8,0.5607574781621945,0.22104741943548853,0.13100455205350262,0.06845270069237426,0.01873784965644006
9,0.6348162727446367,0.19181665766363487,0.09481530972564607,0.06213076541939094,0.016420994446691446
10,0.47080847526518504,0.29330470821704774,0.15872195349570875,0.05637847935508982,0.020786383666968656
11,0.34780238265188856,0.3800836754962275,0.1823819903303212,0.07794610592553357,0.011785845596028893
12,0.4281550135300066,0.3024750882230484,0.16141190726536295,0.0862527676389248,0.021705223342657235
13,0.5141175544993556,0.019756674823260153,0.19386827644901697,0.17514289185602672,0.09711460237234047
14,0.4706847561808752,0.22804343980133154,0.15311229805036894,0.09898789723443611,0.04917160873298814
15,0.585288510869009,0.1934785624259434,0.12054521581266407,0.057585713786189756,0.043101997106193744
16,0.4710104675546267,0.30040053285909607,0.12132234969341305,0.0316262585524605,0.07564039134040355
17,0.6041801488452135,0.19705696057792382,0.02867011211349332,0.10068877751084951,0.06940400095251983
18,0.5664679359670314,0.21582643038851668,0.023871306941081805,0.11362729114614648,0.08020703555722364
19,0.5892595227398271,0.20318598481607228,0.02086454210173724,0.11218719652034095,0.07450275382202236
20,0.5575661277694258,0.28430539385062453,0.08234750784208496,0.06211792059338532,0.013663049944479444
21,0.5947414995414357,0.2554297635800235,0.08720936387548497,0.05004077974218733,0.01257859326086848
22,0.5901949216601904,0.23391682080102763,0.10754671454289938,0.014826475816673132,0.05351506717920943
23,0.6980964171866344,0.14391636106559338,0.09422558081485433,0.04776415453423542,0.015997486398682332
24,0.6829284203023662,0.14928645873264174,0.09331610571964166,0.02625986290882834,0.04820915233652198
25,0.6689617612540616,0.1432709848861252,0.11319396308414978,0.02316991114719718,0.051403379628466424
26,0.6331226279451925,0.19183042401751782,0.09899488613784621,0.02277386390246159,0.05327819799698196
27,0.605661618905206,0.2658601680446288,0.02962182708583255,0.04450030353703668,0.0543560824272961
28,0.6139305982686976,0.23642869019551932,0.06858469663820443,0.03147211936948987,0.04958389552808878
29,0.556229320253489,0.2758321375140149,0.0799676612867644,0.05604974256579282,0.03192113837993891
30,0.5275082554336971,0.2693907086603636,0.1051858662989882,0.06617849922457338,0.03173667038237788
31,0.5997819825707233,0.18051901480884877,0.13728459251441755,0.027890786954968563,0.05452362315104168
32,0.6357493111657222,0.1797437920322162,0.1088684601546941,0.04693168012820295,0.02870675651916447
33,0.5180360862337853,0.21498161617112355,0.19344614888206593,0.023680295125697248,0.049855853587328115
34,0.5685486074811553,0.2696573891849256,0.09977536556281058,0.047748385266150765,0.01427025250495762
35,0.5579425742855436,0.2734581529059838,0.11158782087290582,0.040558584465470074,0.016452867470096697
36,0.6102518609536727,0.24602802269320986,0.07958924072429314,0.04896196552472458,0.015168910104099627
37,0.587048075140502,0.26647059963839237,0.07647675247207304,0.05152517485427608,0.018479397894756652
38,0.5566350022508967,0.26061348634321596,0.11938519469624755,0.01964334580311753,0.043722970906522315
39,0.5431109116745263,0.24209059407175554,0.1471297647372988,0.019522064523848307,0.04814666499257098
40,0.5566863612818624,0.22463910035366513,0.164084530057703,0.032735451523592834,0.02185455678317664
41,0.4962469612416611,0.24824123682468238,0.19055862385423208,0.023925443350091797,0.041027734729332604
42,0.4954515360093532,0.25639346097272037,0.19637212932668724,0.02361489222750356,0.02816798146373548
43,0.6476916030839831,0.20458857828226562,0.1081376528970079,0.023344367822989143,0.016237797913754185
44,0.6625662232606784,0.17142382656602592,0.12293994511164759,0.018449914441625314,0.02462009062002277
45,0.6367357026561096,0.17963247910408792,0.1407168942405077,0.011443227123037292,0.03147169687625736
46,0.48533247740643004,0.2430790250133807,0.1746523176190242,0.06606526052019039,0.030870919440974587
47,0.5734280119326205,0.23113446612606814,0.08788696885215364,0.06813584066607883,0.039414712423078736
48,0.5706370546503348,0.18262808786425835,0.12764333887496884,0.07636090024512447,0.04273061836531364
49,0.64221877509857,0.1792104363252609,0.09375695324258619,0.06081034218698966,0.02400349314659327
50,0.6612194184876441,0.1587520473376429,0.0926831950029217,0.030742773993709036,0.05660256517808211
51,0.683093223483472,0.16517168223417922,0.07046934647944006,0.029079083304431565,0.05218666449847728
52,0.5675465040418248,0.22453485065311218,0.13493036528022745,0.02004058746593437,0.05294769255890111
53,0.7511105953894673,0.1381702806689216,0.07079785098055091,0.02731239048451423,0.012608882476545942
54,0.7526087092702568,0.13085330558820338,0.08298219593105775,0.023412061162082238,0.010143728048399888
55,0.7657373032024591,0.13592783698531,0.05780277354199154,0.02435360824715651,0.016178478023082754
56,0.7389615439524667,0.140044329273778,0.06477857271307157,0.01937853990605078,0.036837014154632995
57,0.6249063004339039,0.19857432925010565,0.11501834398099905,0.025811866195616623,0.03568916013937471
58,0.5867584515990063,0.24911525266599743,0.096109087332274,0.045053244808007674,0.022963963594714493
59,0.47607692897663295,0.29918234220636214,0.1640496952290976,0.02514928599848731,0.035541747589420004
60,0.4950081272642103,0.29091825745226096,0.16658527306054666,0.03318071917828939,0.014307623044692746
61,0.5854067975025647,0.256422441743185,0.11574484586811967,0.02710862604518232,0.015317288840948158
62,0.6446851706251426,0.20192639746297888,0.11614717277483629,0.010662015373948812,0.026579243763093483
63,0.5043204424166802,0.2828021952549759,0.1486025184359257,0.026263840251991546,0.038011003640426665
64,0.4821725992138349,0.27397827077699205,0.17257405302008083,0.04780624038865692,0.023468836600435316
65,0.45506053179662026,0.27862915375774333,0.19713333065092858,0.020213827710071432,0.04896315608463648
66,0.566861110909615,0.20283372484002982,0.15173402185030535,0.05720134876608978,0.021369793633960077
67,0.5635092574009429,0.16948759417161885,0.14670909877936156,0.09705015591226476,0.023243893735811927
68,0.5666412549528596,0.20351772462552192,0.0848809465037732,0.11806988298018685,0.02689019093765832
69,0.5446082362509536,0.221096116578002,0.02179508252175623,0.09646725523260091,0.11603330941668738
70,0.6200224877488532,0.24207264032274026,0.08569536137791173,0.0370831932502689,0.01512631730022591
71,0.4400598994107816,0.29001531097802485,0.14902527180027772,0.09722487773819624,0.023674640072719563
72,0.46385574492921766,0.30742433955622245,0.11274651859527679,0.0953018686246604,0.02067152829462269
73,0.5210602817708223,0.2312921335337278,0.14156613540024338,0.0382045839347701,0.0678768653604364
74,0.5643986010187109,0.23160431429655864,0.10643287442001964,0.06964325881815643,0.027920951446554407
75,0.48005096346312354,0.2706460177620891,0.144630866966909,0.029343889722899183,0.07532826208497924
76,0.4755665758213931,0.2684301254440436,0.03943906159980259,0.11792498120459186,0.098639255930169
77,0.5769103178145409,0.23213855903475605,0.028223033210895667,0.08946907480382996,0.0732590151359774
78,0.5475033848781423,0.2590916852072916,0.1186741126713933,0.056811228150264514,0.017919589092908035
79,0.5549102356689977,0.27178567867899545,0.10434081555886496,0.04430595920708252,0.024657310886059436
80,0.5195059443000013,0.3327415060829039,0.06918736740727491,0.051760722223516395,0.02680445998630354
81,0.5773011831632762,0.2898908706534231,0.062244332613464556,0.04146122058642752,0.02910239298340856
82,0.49148905152214134,0.3211712013628317,0.11286412699486759,0.03389088957845866,0.04058473054170073
83,0.48528809608413925,0.3080670718164073,0.12830254902288235,0.04414398045582828,0.03419830262074286
84,0.5567451987485238,0.25492581315794327,0.10616974214492142,0.05228019909094524,0.02987904685766645
85,0.6474650818880197,0.21831984033310858,0.085819660999372,0.03251981763039281,0.01587559914910695
86,0.6529147117730444,0.198550211924086,0.09139845364499283,0.03583892493785515,0.02129769772002158
87,0.6935180613595753,0.1726365683911617,0.0827774718307899,0.014066601706842739,0.03700129671163031
88,0.6718434496178293,0.1898639282769045,0.07771476645018827,0.04309618185522579,0.017481673799852195
89,0.683157467898054,0.1630841376653122,0.1017573766107159,0.03935525213424396,0.012645765691674044
90,0.6677499078297588,0.1961968748207001,0.09456835322218005,0.025428973712653898,0.016055890414707123
91,0.6070741224317625,0.22253732909125187,0.11521830745502633,0.028433235410129758,0.026737005611829432
92,0.5477754843502475,0.22271660079834668,0.16651115321671142,0.025924745620286616,0.03707201601440761
93,0.5469508305252082,0.2349306490650844,0.16604793215774014,0.019870429870712417,0.032200158381254916
94,0.5634348281393,0.20248021069331848,0.15806455338726494,0.02660913846015304,0.04941126931996352
95,0.576562188598273,0.2042656014416095,0.1355042182804561,0.03529697026993171,0.048371021409729605
96,0.6116671754735592,0.17681531818021695,0.1527121206657563,0.02405365039825652,0.034751735282210774
97,0.5607434115417217,0.21116175093739514,0.15969566643090313,0.0508285534262936,0.017570617663686387
98,0.6071153778359616,0.20966044510059834,0.11265510460171449,0.042259458982525616,0.02830961347920002
99,0.5944261660064828,0.18540573058947196,0.14176384227131306,0.030045575163461454,0.04835868596927077
100,0.5136980251169163,0.21923358389850958,0.16936624027019023,0.05749938535852173,0.04020276535586209
101,0.4919196913902948,0.2232900358052726,0.18520632713145188,0.04109902569630304,0.05848491997667767
102,0.5936783334043745,0.17587056689201913,0.14493964213234783,0.041866923181942815,0.043644534389315925
103,0.6754619696353372,0.1568662364996402,0.09343045694063432,0.03514076849132237,0.039100568433065974
104,0.6771064043697561,0.16385255783485983,0.09451331264870762,0.029398027409556913,0.03512969773711953
105,0.6653585500433652,0.172384252231254,0.09375509664417375,0.02834158325407024,0.04016051782713657
106,0.6765077334882763,0.14864160585223093,0.10350162286594025,0.03048711124251884,0.04086192655103355
107,0.6399786826711169,0.14569012884935909,0.04399889952928981,0.060514902652867845,0.10981738629736643
108,0.6328815749343618,0.1916892872756849,0.09136024162695004,0.029302454850521693,0.05476644131248149
109,0.6350056504267556,0.22702795791324046,0.08438804189286507,0.03423435822656454,0.019343991540574382
110,0.6840447376024563,0.21388271806577785,0.06464224123639685,0.01257736480485418,0.024852938290514912
111,0.6356180449715182,0.24246556060530655,0.07601148329768802,0.031186075603678143,0.014718835521809054
112,0.629055639948704,0.25845083609568736,0.06720164062459637,0.01901865758197081,0.02627322574904136
113,0.616884375010494,0.18185869346146677,0.12569862871285103,0.04858428164161006,0.026974021173578167
114,0.6205922433182053,0.18913580180879977,0.1258226381910578,0.023952181946774787,0.04049713473516225
115,0.5492078581662952,0.26286669186626443,0.1247071993846176,0.037357927348181656,0.025860323234641228
116,0.4720550031971546,0.2936271367333305,0.16845102740547002,0.019577088052631524,0.046289744611413476
117,0.5487875420050582,0.2140923705977213,0.16528707801503648,0.021740210113569105,0.05009279926861494
118,0.6255733018851428,0.2045692268772553,0.10139774923695831,0.02803293073444658,0.04042679126619712
119,0.5582765345303733,0.24942148099235648,0.09765004897890121,0.03571097002298114,0.05894096547538798
120,0.5415826068193803,0.23110919033271798,0.12721275252078448,0.036412479129011355,0.06368297119810593
121,0.5297761014063904,0.3051853964171756,0.09249661468056945,0.04777628441000968,0.024765603085854907
122,0.616668932529807,0.20924500079015818,0.1090166532571602,0.04231766816389903,0.022751745258975647
123,0.5786241812652311,0.24043208734127916,0.11259461163559802,0.02888940552667486,0.03945971423121673
124,0.6107645759123617,0.04259523706746232,0.06530249082328399,0.10244256944244633,0.17889512675444558
125,0.620114908592868,0.20376752541808782,0.09458258622740597,0.05030916370954855,0.031225816052089565
126,0.6546058687609458,0.11560722986069175,0.13792443696943887,0.06422649124582432,0.027635973163099233
127,0.667090181189996,0.13664890766417542,0.10319872182837984,0.06512902849857409,0.027933160818874706
128,0.6240025145574312,0.1458059924189551,0.1247321496015408,0.07403315134694277,0.03142619207513012
129,0.6242318428212184,0.17936792316900838,0.024294247356893568,0.07644388161951371,0.0956621050333659
130,0.5698089444878154,0.2047618432219353,0.13556835644090856,0.05800914932396107,0.03185170652537957
131,0.5757924176078388,0.1996924626465955,0.02654518996665935,0.0783469561312604,0.11962297364764589
132,0.6079713560903676,0.03841282471191653,0.09274933950366943,0.12096568372330435,0.13990079597074206
133,0.6899041597159847,0.1311905710578722,0.0967288628404727,0.029399555987543978,0.052776850398126324
134,0.6184626181007828,0.19390265764651748,0.10195674179953633,0.030391387096847914,0.055286595356315374
135,0.6801576209790201,0.18262039179696557,0.07500959208760376,0.021450324969554818,0.04076207016685573
136,0.6324619679866057,0.2005935989535276,0.10279672209341617,0.02371566572635762,0.04043204524009298
137,0.6285611854373399,0.1607768999993867,0.1276143434090834,0.02646909493815339,0.05657847621603647
138,0.5862502754102468,0.23244986521597236,0.10202541412108808,0.020942104131517265,0.058332341121175496
139,0.6792592958040076,0.1773295360656923,0.08212912545839579,0.03652419746740623,0.024757845204498242
140,0.6894344735338782,0.19203362201857294,0.05701172671599611,0.027647058046015582,0.033873119685537176
141,0.6693498911702918,0.17929632110756738,0.07683749050008623,0.02044722694390849,0.054069070278146225
142,0.6675685878357198,0.17124792147536239,0.08345911292618798,0.05521608857577624,0.022508289186953717
143,0.7470035678567402,0.1327419410020043,0.07419211107711295,0.013579297622415332,0.0324830824417273
144,0.8197087882419611,0.1146374625601447,0.03472982511910692,0.011736912801781959,0.019187011277005242
145,0.7759222676292633,0.141982339864529,0.04914481649909803,0.013653870842464354,0.019296705164645205
146,0.7250303007939095,0.16563840488792675,0.08597797230732136,0.01359823809394936,0.009755083916893026
147,0.6609665701280383,0.20478500307240355,0.10979377596316406,0.008038814175166139,0.0164158366612279
148,0.6999623884167282,0.1753107021310454,0.10079076911991204,0.007461718116176065,0.016474422216138516
149,0.7384194545737081,0.16696965001393982,0.07197423744430512,0.013916701955507454,0.00871995601253985
150,0.7610169377259517,0.17220399463190214,0.041994927377949846,0.01327911118144237,0.01150502908275412
151,0.7949916360562332,0.13009982152639546,0.04930497926597822,0.012159859240956016,0.013443703910437267
152,0.7535300585306873,0.16804600856964894,0.05854346433308633,0.01079971895034759,0.00908074961622973
153,0.731001678760003,0.17107829037644198,0.07674917016645941,0.009897497025689959,0.011273363671405943
154,0.7512919075660336,0.1488891632740833,0.07614206050058618,0.009976661666202003,0.013700206993095099
155,0.6414388558113828,0.26156262502259314,0.07193449926565453,0.009911537812882287,0.015152482087487188
156,0.7148331204334467,0.19563021882517379,0.06093716626905304,0.018750850941359195,0.009848643530967236
157,0.6970336609907282,0.18816452203390402,0.06961675379475844,0.028529459207908715,0.016655603972700782
158,0.6572043144365391,0.17932803738705683,0.09953267060261894,0.043796719307394094,0.02013825826639093
159,0.34133532275926665,0.525120182212336,0.08100109969036122,0.03109482628481514,0.02144856905322096
160,0.6458178727076405,0.17883461223457897,0.09680616177937353,0.052923237699787365,0.025618115578619528
161,0.6910893626601097,0.1479956275062308,0.08563873929620458,0.05003561796011241,0.025240652577342593
162,0.665321517218721,0.15434866453171384,0.10157555837542527,0.046802087566424865,0.03195217230771508
163,0.579687021327605,0.25727943853879903,0.09158767338493477,0.046003755129919006,0.02544211161874232
164,0.5889080064749388,0.2663338444147881,0.10136968251035856,0.023864277091847862,0.019524189508066607
165,0.6052084933771739,0.25533725335498736,0.1008869914317965,0.02725547911199753,0.011311782724044575
166,0.5724785398998997,0.2545864063810894,0.13094021481332985,0.028992137191629876,0.01300270171405117
167,0.5380824256701502,0.2576035073145023,0.1317861343013732,0.041377598882304675,0.03115033383166979
168,0.5873179562762165,0.2537251737480452,0.0939891727856873,0.027205452819721785,0.0377622443703293
169,0.5952344477518787,0.18533363569722303,0.16444328495687965,0.023573112585011945,0.0314155190090066
170,0.48292181779061605,0.33338705921344536,0.12269997332912515,0.025718899650293146,0.035272250016520304
171,0.47848315589280616,0.3584144522898786,0.09154460774455199,0.03279712489752393,0.038760659175239374
172,0.5243568831557044,0.31449614099742623,0.09648132092068969,0.04262970528401838,0.02203594964216132
173,0.4099624299721015,0.30293922546718377,0.1873090811246756,0.06269742042156691,0.03709184301447242
174,0.43420844573736206,0.3357993379098711,0.15581495477058024,0.04034798892620685,0.03382927265597985
175,0.5293321008249535,0.2879894658080241,0.1180487785039483,0.01895535921541325,0.045674295647660915
176,0.5213511204877619,0.29438567447225134,0.12094880025609883,0.024729003520136957,0.03858540126375106
177,0.47323609315935045,0.3043870853580819,0.15977147872476322,0.034805391646470715,0.02779995111133369
178,0.4598785040302579,0.31219471549633215,0.15502802387967518,0.037762079022906826,0.03513667757082806
179,0.4616698138983543,0.342677361331403,0.1261132208340146,0.044500713548224734,0.025038890388003502
180,0.49347775117724413,0.30542138380181155,0.11993050785561402,0.023855117204153044,0.057315239961177204
181,0.5005310510580219,0.3288616566037712,0.10377840699138353,0.042525779920497185,0.024303105426326313
182,0.4332386631269671,0.41651238854969524,0.08201159934274616,0.04428757024204638,0.023949778738545223
183,0.5467661898575825,0.3240985468663984,0.06980508481182285,0.03648427345072615,0.02284590501347015
184,0.7266881959691268,0.06309683156320209,0.009428580307863603,0.020183395282336442,0.18060299687747108
185,0.7359638353495797,0.1777052759579896,0.06035997011841671,0.006944067161351514,0.019026851412662457
186,0.6474858803514807,0.2566951995892761,0.055568052697780076,0.02788595114549901,0.012364916215963973
187,0.5677516038726574,0.2432947241756527,0.14802270489908353,0.02997266772362507,0.010958299328981284
188,0.5085905384683505,0.2057986093724694,0.24087697210079598,0.036066593320512264,0.008667286737871949
189,0.4816486490327376,0.31695192194342015,0.13871494325219055,0.04610223172115906,0.016582254050492847
190,0.5872201280440161,0.25722288431469936,0.09163550746073132,0.04751118346742104,0.016410296713132218
191,0.5385486860713725,0.2927155367501621,0.11027473273046148,0.044877673617706094,0.013583370830297835
192,0.5688177258446021,0.2802698363831839,0.09771697149406003,0.035807218194989984,0.01738824808316396
193,0.540775125190987,0.25441849954970874,0.14259036567522293,0.03797375794390471,0.024242251640176543
194,0.5719605597763564,0.24409910707395086,0.1168862983383602,0.03771593545778763,0.029338099353544998
195,0.5439269349161954,0.23199453137171977,0.16262265703141632,0.039376676660657965,0.02207920002001075
196,0.5658266445746948,0.2684208971443024,0.10563052966054952,0.03738256055428587,0.022739368066167675
197,0.6343055069627113,0.22412510955987064,0.09307277592108025,0.030352163329181083,0.018144444227156695
198,0.6230247375282297,0.20493336407516735,0.08895825917486203,0.06664696826575785,0.016436670955983227
199,0.6368278766684294,0.18839622271432596,0.1132268703290976,0.012295753277204976,0.04925327701094199
200,0.5371118815522359,0.2393829707798281,0.16072155181662062,0.014451675859498149,0.0483319199918173
201,0.5962225435164172,0.25742372770750543,0.09595819652516127,0.016095656183911528,0.034299876067004444
202,0.5751807527785564,0.28431157601765666,0.08509277402201172,0.02470725659548876,0.030707640586286312
203,0.618195562915187,0.2617395351274048,0.06152202718076985,0.02092299265725888,0.03761988211937933
204,0.6335055080586774,0.22682995149559512,0.0795159034785213,0.021352304500476024,0.03879633246673015
205,0.6210325944930704,0.2005573535982197,0.12539532382090138,0.03555000575763941,0.017464722330169224
206,0.6232644312542374,0.19395206941024226,0.11457455156482708,0.0437637715523921,0.02444517621830138
207,0.7173455802532656,0.1437758789392133,0.08435090810740979,0.04196203966291341,0.012565593037198071
208,0.7619079144800381,0.11201699526268914,0.09225857768158605,0.006710233481085599,0.027106279094601265
209,0.763997572066533,0.12788193711296156,0.06960750802849945,0.0275248975348097,0.010988085257196294
210,0.7920999555320277,0.11131496750386032,0.059434461329599834,0.02473920676649123,0.012411408868021003
211,0.6935166831046402,0.1609163245982783,0.10092752143139068,0.03123046781995792,0.013409003045733035
212,0.6206887389826709,0.1943111811605951,0.11903200801656892,0.04661917080274557,0.01934890103741975
213,0.688929377766465,0.12959456924170534,0.1219213713723873,0.04878079658705171,0.010773885032390565
214,0.7590996439633939,0.10827314537186335,0.008845035940686542,0.07459570267740223,0.049186472046654
215,0.7536111043424871,0.11563199541923605,0.018613263767579866,0.04918194404330486,0.06296169242739201
216,0.7174668029515573,0.14212073012707377,0.02118251420444537,0.051525357693991275,0.06770459502293232
217,0.765562596799765,0.13587872123193367,0.011128336244041909,0.041823783696349114,0.04560656202791038
218,0.7866496125655874,0.13210896783437318,0.008557261622049573,0.0408277133470148,0.031856444630975096
219,0.8235732996427859,0.10297266582182334,0.04058576005698073,0.028702188320678633,0.004166086157731414
220,0.7052477458769115,0.14853395331277033,0.09873386706563765,0.03862845177310334,0.008855981971577189
221,0.7097878948152169,0.1349094842888035,0.10227046694400357,0.03937030631061495,0.013661847641361089
222,0.6618308021277329,0.15352552825320454,0.1242566666581246,0.017024616810264744,0.043362386150673254
223,0.5750620153414742,0.25586197450311693,0.10357907665898439,0.019995373430065373,0.04550156006635912
224,0.5048644060926158,0.28491966022841136,0.1305441706914571,0.05148308496429242,0.028188678023223297
225,0.49127938030170604,0.3354363019197787,0.10783384004751809,0.04271340807583528,0.02273706965516187
226,0.6607400622542076,0.019300135853810227,0.04682367582786539,0.13317464321781192,0.13996148284630483
227,0.6681614071117483,0.16211775568417108,0.10248246504617868,0.011872340937550612,0.05536603122035132
228,0.6332606866567262,0.21001879215149405,0.09419692261920566,0.05119080072331745,0.01133279784925662
229,0.6818976513527311,0.17259450876195656,0.07657362390685414,0.05163995544773589,0.017294260530722153
230,0.601553492763015,0.1897210911506961,0.11815821263485829,0.06746773987162778,0.02309946357980285
231,0.5811831540705713,0.20071324266624122,0.040246392792390416,0.10317489477426289,0.07468231569653404
232,0.5745373483965319,0.23438970727755185,0.09512041159774748,0.03923012636330081,0.05672240636486797
233,0.505154043486626,0.2914680980561977,0.08509848014264798,0.06942369522304266,0.04885568309148575
234,0.5259707015243428,0.2602924104095192,0.10110061949471819,0.05249976312191838,0.06013650544950148
235,0.5226692241810248,0.24732670027184842,0.1173191363894245,0.04828673187822278,0.0643982072794794
236,0.5114138742608351,0.23516634665773511,0.1538914447817234,0.04058219203405902,0.05894614226564735
237,0.6054020375023654,0.20675557514842216,0.10759588588416762,0.017889997014102117,0.062356504450942825
238,0.6499838442704128,0.12944778068405846,0.14415430185393022,0.048710543521366244,0.027703529670232298
239,0.7535409248225716,0.11911400211852627,0.07437905158942312,0.031992237783399775,0.020973783686079092
240,0.7657728875463062,0.11256159423203989,0.07747533654759373,0.013310064052680188,0.030880117621380012
241,0.7027366864932088,0.12552764036533356,0.09460599434086679,0.04968631947080801,0.027443359329782768
242,0.6768288749584007,0.20376184003522982,0.05729373277309243,0.024837442321078842,0.03727810991219829
243,0.6720618617563667,0.2220819711662237,0.06506593406989633,0.027178156044785413,0.013612076962727872
244,0.6231176875632547,0.28808950023852165,0.05214784215720245,0.009726775113900372,0.02691819492712077
245,0.5374006167926189,0.37209630947569844,0.0590691322891893,0.024564667733438038,0.006869273709055388
246,0.5172999297731594,0.34454672291027205,0.10255302118638865,0.02543022983368021,0.010170096296499806
247,0.5825958922270701,0.23054883391054554,0.1419808969798383,0.03242671901459972,0.012447657867946453
248,0.5851372868793597,0.015126310798363742,0.058796423489732165,0.15076558190499897,0.1901743969275453
249,0.5690196082306123,0.23037966459284853,0.10433270934489457,0.027946870250030537,0.0683211475816141
250,0.5710340002821612,0.2276111395468733,0.1199745918879696,0.026249669462864306,0.055130598820131646
251,0.6618831955504125,0.19463812908675132,0.0798664638131661,0.0491850318965726,0.014427179653097396
252,0.5819383972624788,0.22131160703873035,0.11980594432370145,0.059924864505414316,0.017019186869675264
253,0.532978241672887,0.2902209345267961,0.023478579799147775,0.08766965840885418,0.06565258559231489
254,0.5177657244372867,0.2695697945386766,0.014592615165902786,0.12067496932642738,0.07739689653170631
255,0.44341000764659366,0.37709071666188565,0.10801405092737512,0.056289282137396604,0.015195942626748955
256,0.6178308017628712,0.2528589556685601,0.0766241883828417,0.037552164337050144,0.01513388984867678
257,0.5763446233230833,0.2637021907116601,0.0933786607655846,0.04794982415959911,0.018624701040072935
258,0.4689365691167099,0.3380293827385579,0.10717894916512628,0.03345576362242799,0.05239933535717784
259,0.49758752763957087,0.31768094702720845,0.0907183366747347,0.03703646847009036,0.056976720188395585
260,0.5612836412655874,0.3027607194928273,0.025973886249677707,0.04699564867460506,0.0629861043173025
261,0.522157223169294,0.31078819459837115,0.08646805541462982,0.022167070249600733,0.058419456568104204
262,0.47330805357909445,0.35159004858891624,0.09678925740622668,0.017861624803094223,0.06045101562266865
263,0.5553206484045234,0.2823299396868506,0.09724884877857937,0.04417904591053595,0.020921517219510587
264,0.6291463315114353,0.21536155495614284,0.07406441329605999,0.053490327252964286,0.027937372983397688
265,0.6874705316536467,0.1778026169782162,0.06960662539991933,0.027666755078488543,0.03745347088972938
266,0.7098413641373758,0.15029021900124423,0.08624892745045579,0.033313995251818024,0.020305494159106176
267,0.6191789002407168,0.19775257733565232,0.10533999576397719,0.026861736643345256,0.05086679001630857
268,0.4046390874285349,0.29461805148183207,0.22626817961312906,0.051861364844769706,0.022613316631734364
269,0.42488492084235613,0.21407352235050836,0.2571646013741672,0.0698344491360031,0.034042506296965286
270,0.48273883225837544,0.29744677313959533,0.13446285437150865,0.06004171917370142,0.02530982105681911
271,0.47154344593871617,0.27957267028695815,0.14406812951507783,0.08100989379288269,0.02380586046636527
272,0.5383513625531108,0.2767649537635857,0.10107955482533226,0.02083647867668563,0.06296765018128592
273,0.6320945465109941,0.21693054706503276,0.09005522353114988,0.01255762087473061,0.04836206201809271
274,0.519152459285643,0.2574767201270915,0.13043272435467596,0.026537955592839814,0.06640014063974985
275,0.5243467837751709,0.23948528319046028,0.14803244500584306,0.017582660343631255,0.07055282768489442
276,0.5289715993323537,0.24404651908893177,0.12760768301428158,0.08032007602738549,0.0190541225370473
277,0.5520542190438178,0.016259722765794994,0.18835856941542203,0.14021468067068227,0.10311280810428289
278,0.5862052695090653,0.19776243718223213,0.020401331740082556,0.08373501719474749,0.11189594437387254
279,0.5110044791671878,0.20019293095068266,0.034279377208653476,0.11112797448089526,0.14339523819258065
280,0.5395721135638035,0.23412262119022093,0.113911426775767,0.07816173258443479,0.034232105885773786
281,0.5511153542993109,0.24653203993735756,0.10882659298510555,0.07051629972285377,0.023009713055372166
282,0.5670468015415933,0.22803527271301033,0.109285915821219,0.06988061679341914,0.025751393130758346
283,0.46021717339070217,0.3046948992923005,0.027924524102043165,0.07118471218203151,0.1359786910329228
284,0.4795152531298715,0.22571821207569515,0.1860399983431461,0.08373881364080214,0.02498772281048508
285,0.3494460661583987,0.3236410183453776,0.1840419577497915,0.09957802074406835,0.04329293700236386
286,0.40746811612576,0.2757547540296053,0.19820660468614207,0.07806879415966021,0.04050173099883245
287,0.40175871691193304,0.2691854278425866,0.16496144828215814,0.052854603047181155,0.11123980391614098
288,0.4254003199119925,0.2704515823480538,0.031675476523147277,0.1551208760092745,0.11735174520753186
289,0.38413888504147486,0.25124285793236967,0.1965410336930167,0.13359659445649252,0.034480628876646144
290,0.3487240890067558,0.2664864615107917,0.22938262354178118,0.10164824668010222,0.053758579260569025
291,0.5249154743391816,0.21069309739341718,0.15108308660386535,0.034443320103354456,0.07886502156018144
292,0.5046087718023246,0.034676331715434404,0.09945245216054356,0.14801743366975323,0.2132450106519444
293,0.40710410060097224,0.031499511553255304,0.1201777856967117,0.16267999707331451,0.2785386050757464
294,0.3717794783812541,0.29718920065288196,0.17070759943635808,0.11973217783481299,0.04059154369469287
295,0.40217724752340583,0.045640494353316303,0.11691897261930123,0.1929541722121176,0.24230911329185895
296,0.522166876415975,0.23001087410193713,0.1356322859467471,0.06653413645387762,0.045655827081463
297,0.5234294613382318,0.23483702378508856,0.12403376510731784,0.07845395869542071,0.03924579107394122
298,0.5180238858179046,0.23166891664706132,0.13674745639051722,0.062231642639419944,0.05132809850509694
299,0.628947133498794,0.03567681451506916,0.06943420466836155,0.11385407358179421,0.15208777373598104
300,0.6396060092054009,0.16949691285299237,0.030198018906281893,0.05828800392748098,0.10241105510784397
301,0.5506362258184601,0.23462172749572635,0.020004896951828832,0.07691729371800683,0.11781985601597798
302,0.4738352497299507,0.3263446715267555,0.018027331925296385,0.07853545275281859,0.10325729406517878
303,0.4571153814773512,0.3288138180254966,0.10808868142411228,0.08603774342891872,0.019944375644121298
304,0.49834624403876465,0.2689578171312191,0.12994961050818593,0.07606654366837307,0.026679784653457092
305,0.5937918975046594,0.20111204206404482,0.11495176074924571,0.021887698207380707,0.06825660147466943
306,0.5696385057717599,0.21056907978652098,0.13552884811443203,0.02125327358120928,0.0630102927460778
307,0.5698330502138612,0.21187218336217659,0.13089827224493797,0.06059755273114517,0.026798941447879088
308,0.5893730443255546,0.01770945614158816,0.052203085195632826,0.16796560640891975,0.17274880792830466
309,0.6082733703246679,0.18426763924901604,0.14661268340506456,0.04383396662040458,0.017012340400846947
310,0.6206274079836782,0.22260647581701534,0.11050226303840402,0.03380221609917046,0.012461637061732039
311,0.532832581210314,0.25451155166851974,0.1416398602808867,0.016222044738423775,0.05479396210185576
312,0.5701369518771152,0.2407441559671327,0.10084319757033544,0.06663231312521994,0.021643381460196693
313,0.47152741549688043,0.32364934673446544,0.13303505063106402,0.055329957045104926,0.016458230092485114
314,0.5105267546060058,0.26692203542661497,0.12434299169017121,0.022119125687172787,0.07608909259003524
315,0.588328474143384,0.22866941331074028,0.10355520520659643,0.06459454333927725,0.014852364000002186
316,0.5766495788178525,0.2890944654754034,0.06569780952617064,0.05571340077725086,0.012844745403322764
317,0.6036248637624139,0.21894622098070568,0.11383760519196601,0.049858520301331026,0.013732789763583246
318,0.6122418001575654,0.19982365874535538,0.11609113984872814,0.04878661735425319,0.02305678389409804
319,0.6317023012059928,0.18187534577247466,0.11602429809048405,0.04329144067423418,0.02710661425681439
320,0.5851059371033965,0.17957703289771643,0.028274447003177276,0.09534937493982755,0.11169320805588213
321,0.5830275859120352,0.030170169307315343,0.16558006428036956,0.12462195158647364,0.09660022891380633
322,0.5356194605057236,0.2682435895400834,0.10417325763276865,0.02445824925572575,0.0675054430656986
323,0.5206378089769799,0.26215903973910276,0.12604696183945543,0.06195289820682775,0.029203291237634106
324,0.4993052391318952,0.3076678319736494,0.021115219157811786,0.0941333067495331,0.07777840298711053
325,0.4873349272479809,0.3143091157764839,0.11443330903332168,0.058105206207948366,0.02581744173426505
326,0.5545065566668473,0.2738992895141282,0.08675005865557571,0.023295022803398603,0.06154907236005012
327,0.611594818339564,0.23065091265082568,0.08796073005424758,0.043314403296350015,0.02647913565901276
328,0.6904722219194291,0.159141607042304,0.08410058275267931,0.018282729676200187,0.04800285860938729
329,0.6690945862166239,0.20226344110677655,0.06779071595030145,0.04780638385350802,0.013044872872790119
330,0.6014207343086957,0.21826667354240512,0.11725366897370487,0.01135120702444786,0.05170771615074641
331,0.5780529777127591,0.2143235348048366,0.1524856493390512,0.016345710434284073,0.03879212770906903
332,0.6664975415821401,0.16239770542130086,0.11571611620116863,0.017651595339811026,0.037737041455579406
333,0.7210195805822179,0.13580010576175258,0.09225467347444143,0.018063205973244456,0.03286243420834366
334,0.7214151180453796,0.13453329129790426,0.09171028613239034,0.013568183378975595,0.03877312114534999
335,0.7022790149147365,0.13458775372019632,0.11264603679650789,0.010316418610711203,0.04017077595784815
336,0.6658603409492203,0.16822092455418147,0.10847692007266233,0.013114001837840148,0.04432781258609577
337,0.7388884620271106,0.1449472738345597,0.07222740742968878,0.035075353583204155,0.008861503125436905
338,0.7332612834982191,0.15859712854674385,0.064547542270879,0.032973597353426636,0.010620448330731336
339,0.7189800362700624,0.1939013109449234,0.050308668556362936,0.028344117633771183,0.008465866594879908
340,0.6610092593382733,0.18118190262510087,0.10418850166013952,0.04137641159890687,0.01224392477757936
341,0.6606319600873736,0.20472810968504357,0.07644282104299653,0.040459976168337276,0.017737133016249126
342,0.5778971669737255,0.2762474342670172,0.09914886382471272,0.0292871176790182,0.017419417255526426
343,0.6987616066995633,0.17698219898176018,0.07121063782009052,0.014226051296859594,0.03881950520172641
344,0.6589823141360107,0.19720042138349336,0.08013018251645068,0.019944529505423764,0.043742552458621485
345,0.6071168868911271,0.15079827619838265,0.18338063924683104,0.03761094090996264,0.021093256753696606
346,0.55967285631632,0.17062045066409506,0.1817724108929111,0.06336694530530765,0.024567336821366054
347,0.49537749657775626,0.309652043027598,0.13432221792874302,0.033515931772158836,0.027132310693743694
348,0.5988256014186697,0.20559842325644034,0.1139400813665748,0.051387311074477,0.03024858288383824
349,0.6601862391408038,0.1631160474534859,0.11664379694964519,0.03974840116366778,0.020305515292397366
350,0.6762668513922401,0.21443192742644868,0.017828584925430196,0.05352169616170724,0.03795094009417377
351,0.5897649825243907,0.26902259692997516,0.0919467347148149,0.03527861326764873,0.013987072563170654
352,0.6357732848981201,0.26636508885757837,0.050130816770499596,0.033729963490784186,0.014000845983017705
353,0.5440805583371868,0.2639481630618722,0.14242027410252311,0.03138033168326873,0.01817067281514912
354,0.5686331850446603,0.2236728435579645,0.17688636395339566,0.008860688500665542,0.021946918943313732
355,0.5990115712273896,0.20226535762447045,0.15327042271787591,0.014450893987550168,0.031001754442713823
356,0.6122663272509112,0.20601838455217136,0.1143967455421289,0.015605476466954513,0.05171306618783386
357,0.5721719227579833,0.22421141292797098,0.13610244972277857,0.01828798957173296,0.0492262250195342
358,0.5968964445976939,0.26395024327008226,0.08639460470776489,0.03145227425380292,0.021306433170656083
359,0.6231840704952228,0.21503260128790339,0.014069242959955099,0.08229452671545147,0.06541955854146721
360,0.6984139540361011,0.16287930145051566,0.08912666574573273,0.02958201368686741,0.019998065080783004
361,0.6736866369175112,0.17176855703646263,0.10786466083552611,0.0256636932073007,0.02101645200319929
362,0.694594260681189,0.1891167240007496,0.08275829168693673,0.021156712138224242,0.012374011492900436
363,0.6618040140987218,0.2075780337005876,0.09206156582866135,0.025418030298334886,0.013138356073694357
364,0.5652752008762996,0.21575566511819855,0.17227527464274556,0.029820341277133306,0.016873518085623058
365,0.5755386300158609,0.21920036165570017,0.13969100425648684,0.04367764370520558,0.021892360366746463
366,0.5919634549274281,0.21638295846449143,0.11882141257669622,0.052956235417598176,0.019875938613786195
367,0.6766994088708834,0.15656363847682986,0.10939110712405738,0.044922389315419996,0.012423456212809325
368,0.6433618180181356,0.15438080426216502,0.130418356382758,0.01676300583255676,0.055076015504384616
369,0.6425764366954722,0.18982934544147959,0.09755319269305723,0.013325403086940439,0.05671562208305071
370,0.5823934739988199,0.19258663092764264,0.132530482210324,0.02923083524159283,0.06325857762162047
371,0.5869874946107462,0.20460264156258004,0.12439448662679045,0.027205719384995802,0.05680965781488753
372,0.6238608457526457,0.1737751296394279,0.11482673613165136,0.06055547598529189,0.026981812490983238
373,0.6487721435593363,0.1478749573989459,0.12168081691446421,0.01899585188415032,0.06267623024310336
374,0.6049969144147471,0.23405661075225545,0.09694669088273343,0.04617508496495859,0.017824698985305573
375,0.6304024387204211,0.21131705608911477,0.09215648550554004,0.050820363120922724,0.015303656564001391
376,0.5350943649680959,0.3213663030773633,0.06914316138810213,0.044895012398670255,0.029501158167768524
377,0.5204946739936799,0.2836439415945999,0.09271997634553444,0.04041153117024132,0.06272987689594454
378,0.37012932005819194,0.450094474312377,0.10197091974731301,0.055469105149372526,0.022336180732745587
379,0.5541854173231593,0.21957645863299613,0.13328723879631718,0.03656756242881681,0.056383322818710536
380,0.5154475117614604,0.28607210649322007,0.10757309341383244,0.03013336103563295,0.060773927295854124
381,0.46163245051756013,0.3361067439125103,0.10139657122510647,0.045840527118555005,0.05502370722626823
382,0.4794318664657185,0.32824923945879075,0.10556591311060166,0.05510267116864589,0.0316503097962434
383,0.49526909707503436,0.2807531201098699,0.1215233979994729,0.0628071214537547,0.03964726336186809
384,0.5128013581841752,0.24209860197853003,0.1361383801320339,0.03760269806122199,0.07135896164403893
385,0.49941002170207954,0.304964421328738,0.13757322327947544,0.039035755368796166,0.019016578320910766
386,0.7270138342157605,0.201734417366259,0.04317061081737553,0.017838464299858973,0.010242673300745842
387,0.7187295836424764,0.21174534120644514,0.04190147268347795,0.015568351990157256,0.012055250477443151
